[
[0.000000,0,0.00590871,0.00430949,0.007313],
[-0.009512,-3.00299e-05,0.00676067,0.00405607,0.016778],
[0.015588,9.37713e-05,0.00616171,0.00370136,0.010094],
[0.006698,-0.00150471,0.00861706,0.00347428,0.005336],
[-0.019884,-0.00245607,0.010238,0.00333351,0.030673],
[-0.015227,-0.00109297,0.00837391,0.00324847,0.023997],
[0.014878,-0.00111236,0.00656071,0.00325993,0.009397],
[0.018550,-0.00281536,0.00779336,0.00330463,0.012376],
[-0.015514,-0.00258757,0.00990521,0.00336045,0.026106],
[-0.025974,-0.00210867,0.00895177,0.00348087,0.035370],
[-0.014023,-0.00178816,0.00781487,0.00373742,0.022526],
[0.026483,-0.00171368,0.0059933,0.0039929,0.021270],
[-0.004565,-0.00298248,0.00812521,0.00441211,0.014688],
[-0.026871,-0.00284774,0.00787375,0.00480606,0.035577],
[-0.028481,-0.00247025,0.00720899,0.00532197,0.036531],
[0.028134,-0.00198342,0.00410009,0.00570945,0.025235],
[-0.004997,0.0209176,0.00662541,0.00378648,0.020702],
[-0.034499,0.116535,0.00664731,-0.00634122,0.129583],
[-0.024995,0.256374,0.00456613,-0.018012,0.275974],
[0.009584,0.333363,0.00288859,-0.0156816,0.349109],
[0.017571,0.39933,0.00218044,0.0104891,0.389146],
[-0.034214,0.439853,0.00410994,0.0538251,0.387925],
[-0.015969,0.479719,0.00101699,0.107643,0.372463],
[0.011661,0.525644,-0.000963218,0.186843,0.339036],
[0.008179,0.532046,-0.00109993,0.292543,0.239683],
[-0.026710,0.496334,-0.000952146,0.420014,0.080550],
[-0.032786,0.46126,-0.00277628,0.562644,0.105732],
[0.011566,0.438658,-0.00682876,0.709446,0.271412],
[0.041607,0.421888,-0.00914797,0.863741,0.444758],
[-0.010149,0.438993,-0.00671989,0.996974,0.557992],
[-0.031310,0.447251,-0.00774943,1.14686,0.700006],
[0.000674,0.477061,-0.0103725,1.28327,0.806284],
[0.029612,0.524314,-0.0114966,1.39577,0.872425],
[-0.000092,0.563031,-0.010106,1.51665,0.953672],
[-0.011302,0.609941,-0.0112654,1.61277,1.002829],
[0.012064,0.6584,-0.0128213,1.71181,1.053704],
[0.038881,0.708855,-0.0134325,1.79767,1.090071],
[0.011572,0.75645,-0.011821,1.86954,1.113336],
[-0.022810,0.797884,-0.0109946,1.92336,1.125538],
[0.005371,0.842927,-0.0131792,1.97569,1.132915],
[0.022357,0.882189,-0.0131768,2.01657,1.134938],
[-0.009339,0.919499,-0.0112624,2.05042,1.130922],
[-0.040995,0.955615,-0.0109294,2.07791,1.122698],
[-0.032812,0.985756,-0.0121618,2.09622,1.110656],
[0.018868,1.01338,-0.0149223,2.10882,1.095961],
[-0.004789,1.03351,-0.0137157,2.11559,1.082119],
[-0.045063,1.05278,-0.0131834,2.11905,1.066748],
[-0.035966,1.07024,-0.0150472,2.11868,1.048652],
[0.005667,1.08666,-0.0176346,2.11533,1.028934],
[-0.018826,1.09247,-0.0161752,2.11099,1.018524],
[-0.047852,1.10181,-0.016535,2.10393,1.002611],
[-0.038683,1.10852,-0.0189161,2.09585,0.987528],
[0.009930,1.1138,-0.0221951,2.08735,0.974081],
[-0.012060,1.1158,-0.0209479,2.07908,0.963322],
[-0.043923,1.11645,-0.0212926,2.06977,0.953586],
[-0.033904,1.14695,-0.0248254,2.05828,0.911374],
[0.066669,1.20425,-0.0359813,2.04393,0.845928],
[0.122647,1.28549,-0.042892,2.02854,0.761267],
[0.125687,1.34028,-0.0382929,2.02402,0.703126],
[0.121347,1.36616,-0.0210104,2.03565,0.684456],
[0.190478,1.39145,0.00277277,2.05947,0.693894],
[0.231782,1.41314,0.0388941,2.09661,0.710163],
[0.217889,1.43945,0.0868329,2.14585,0.718450],
[0.245929,1.46916,0.152219,2.21749,0.754175],
[0.326409,1.50906,0.225125,2.29924,0.796645],
[0.391477,1.55799,0.302086,2.38275,0.829590],
[0.373605,1.56942,0.407878,2.4947,0.925915],
[0.373852,1.56752,0.512576,2.60782,1.049505],
[0.390415,1.54939,0.64252,2.74836,1.225187],
[0.437742,1.54151,0.773218,2.88834,1.387979],
[0.451875,1.55044,0.905264,3.02646,1.544081],
[0.442929,1.5786,1.02448,3.14859,1.674238],
[0.485350,1.60185,1.15411,3.28419,1.810390],
[0.590151,1.64497,1.25816,3.39392,1.872180],
[0.627652,1.67118,1.37994,3.51812,1.994276],
[0.616672,1.71622,1.47662,3.61345,2.083026],
[0.672825,1.7586,1.573,3.71208,2.150906],
[0.769771,1.80688,1.65841,3.79941,2.181712],
[0.814977,1.8501,1.72898,3.86942,2.216546],
[0.795420,1.89183,1.79093,3.92781,2.266330],
[0.843676,1.93376,1.84693,3.98411,2.282642],
[0.928603,1.9753,1.8913,4.02895,2.268099],
[0.949968,2.01325,1.93114,4.06578,2.274987],
[0.927119,2.04175,1.96118,4.09221,2.296449],
[0.977717,2.07125,1.98265,4.11452,2.277022],
[1.026234,2.10253,2.00191,4.13198,2.251802],
[1.030329,2.12626,2.01571,4.14226,2.243936],
[1.002196,2.14614,2.02549,4.14837,2.248571],
[1.031643,2.16304,2.02695,4.15054,2.222788],
[1.077677,2.18163,2.02697,4.14949,2.184861],
[1.073121,2.19209,2.02711,4.1462,2.174546],
[1.038192,2.19891,2.02518,4.14117,2.178650],
[1.064412,2.20584,2.0175,4.13458,2.151373],
[1.091815,2.21424,2.01049,4.1265,2.121487],
[1.107948,2.21963,2.00313,4.11753,2.098421],
[1.048078,2.21966,1.99993,4.10985,2.116329],
[1.059728,2.21855,1.99095,4.10211,2.101185],
[1.087608,2.21971,1.98275,4.09404,2.077109],
[1.101048,2.22011,1.97619,4.086,2.060924],
[1.045476,2.21791,1.97378,4.07961,2.080303],
[1.030930,2.21626,1.96759,4.07328,2.079869],
[1.074356,2.21556,1.9602,4.06797,2.053327],
[1.095670,2.21431,1.95566,4.06318,2.039092],
[1.039692,2.21189,1.95632,4.05991,2.062855],
[1.036220,2.20986,1.95194,4.05679,2.061480],
[1.068096,2.20872,1.94781,4.05446,2.044661],
[1.086470,2.2078,1.94634,4.05294,2.035663],
[1.050084,2.20573,1.94775,4.0522,2.053109],
[1.015108,2.20366,1.94824,4.052,2.070531],
[1.036476,2.20346,1.94664,4.05222,2.060661],
[1.083680,2.2038,1.94485,4.05284,2.039745],
[1.067221,2.20343,1.94702,4.05397,2.049035],
[1.025744,2.20142,1.94924,4.05546,2.071306],
[1.033084,2.20134,1.94904,4.05683,2.069258],
[1.076103,2.20144,1.94837,4.05861,2.051811],
[1.078804,2.20207,1.94973,4.06049,2.052377],
[1.017404,2.2014,1.95378,4.06232,2.083221],
[1.041612,2.20127,1.95231,4.06409,2.073514],
[1.078409,2.20233,1.95211,4.06606,2.058364],
[1.051565,2.20365,1.95573,4.06785,2.071897],
[1.019361,2.20266,1.95766,4.06975,2.089604],
[1.024035,2.20286,1.95751,4.07138,2.088717],
[1.068802,2.20423,1.95609,4.07275,2.068490],
[1.075931,2.15979,1.95737,4.07879,2.111754],
[1.045457,2.03413,1.9593,4.09284,2.252418],
[1.025511,1.9086,1.96072,4.10326,2.385614],
[1.088178,1.85985,1.95757,4.09717,2.400303],
[1.093282,1.81106,1.95909,4.07087,2.419988],
[1.049343,1.77111,1.96257,4.02677,2.433513],
[1.030219,1.73083,1.96395,3.96256,2.419186],
[1.088957,1.69159,1.96169,3.89118,2.366405],
[1.093242,1.68293,1.96387,3.78747,2.277515],
[1.074988,1.72851,1.96689,3.65669,2.124472],
[1.063683,1.73669,1.96822,3.536,2.013876],
[1.076329,1.77451,1.96906,3.38254,1.839215],
[1.100845,1.79051,1.97008,3.2315,1.682859],
[1.082282,1.78774,1.97255,3.08165,1.570598],
[1.026701,1.75876,1.97612,2.95637,1.528291],
[1.028536,1.7389,1.97662,2.81198,1.431911],
[1.091373,1.69427,1.97383,2.69828,1.336700],
[1.056557,1.64561,1.97674,2.59374,1.321244],
[1.021732,1.60067,1.97715,2.4919,1.306562],
[1.044908,1.55148,1.97426,2.40117,1.259232],
[1.085006,1.50278,1.97179,2.32149,1.206929],
[1.064459,1.45519,1.97208,2.25279,1.208278],
[1.017221,1.41127,1.97204,2.19341,1.234272],
[1.040959,1.3719,1.96779,2.14847,1.209160],
[1.072889,1.32897,1.96455,2.10559,1.182456],
[1.054038,1.29347,1.96425,2.07706,1.201043],
[1.013633,1.26031,1.96296,2.05301,1.236769],
[1.033091,1.23267,1.95801,2.0353,1.224620],
[1.074087,1.20761,1.95386,2.02295,1.199492],
[1.070709,1.18361,1.95187,2.01579,1.212013],
[1.012709,1.16624,1.95207,2.01303,1.264695],
[1.015290,1.14908,1.94843,2.01326,1.271833],
[1.067259,1.11263,1.94348,2.01829,1.260150],
[1.051850,1.02566,1.94375,2.03137,1.344223],
[1.024772,0.896582,1.94221,2.04923,1.473191],
[1.024619,0.764638,1.93945,2.05799,1.584195],
[1.084404,0.713666,1.93513,2.04717,1.581761],
[1.095088,0.665947,1.93456,2.01374,1.587847],
[1.036252,0.63111,1.93729,1.96895,1.612974],
[1.033942,0.591021,1.93598,1.89958,1.589339],
[1.063997,0.56847,1.93529,1.80627,1.513704],
[1.089379,0.580054,1.93534,1.7039,1.406655],
[1.047904,0.628838,1.93832,1.57006,1.295662],
[1.020914,0.643485,1.93969,1.44174,1.217111],
[1.042760,0.675422,1.9396,1.29043,1.087454],
[1.070393,0.689679,1.94019,1.13763,0.978369],
[1.012327,0.66141,1.94499,1.01633,0.997912],
[0.995619,0.641933,1.94517,0.879422,0.978800],
[1.016625,0.612648,1.94443,0.744356,0.937107],
[1.052086,0.573743,1.94409,0.621021,0.893256],
[1.027580,0.530433,1.94633,0.515121,0.918878],
[0.978267,0.484702,1.94803,0.418939,0.971990],
[0.997835,0.437345,1.94606,0.332757,0.953976],
[1.040346,0.389747,1.94401,0.264611,0.912287],
[1.019073,0.340822,1.94472,0.196234,0.936872],
[0.975805,0.298644,1.94493,0.138502,0.982267],
[1.009841,0.262157,1.94125,0.0976446,0.945826],
[1.045282,0.221955,1.93878,0.0592277,0.908195],
[1.041762,0.184121,1.93715,0.029095,0.908710],
[0.975534,0.156763,1.93898,0.0102107,0.974529],
[0.990704,0.129527,1.93589,-0.00516777,0.954735],
[1.034176,0.108946,1.93279,-0.014259,0.907021],
[1.019187,0.0847823,1.9327,-0.020352,0.919543],
[0.981401,0.0682719,1.93228,-0.0221506,0.955169],
[0.992187,0.0526401,1.92943,-0.02097,0.940129],
[1.032983,0.043196,1.92687,-0.0177677,0.895963],
[1.045949,0.0280793,1.92515,-0.0112973,0.880083],
[0.983530,0.0210436,1.92754,-0.00495494,0.944368],
[0.983814,0.0158343,1.926,0.00272458,0.942277],
[1.037871,0.0146633,1.92291,0.00997627,0.885051],
[1.024635,0.0113372,1.92474,0.0182474,0.900131],
[0.987852,0.00887442,1.92625,0.0264965,0.938564],
[0.987948,0.010365,1.92541,0.0340661,0.937761],
[1.023496,0.0105637,1.92452,0.04151,0.901555],
[1.029240,0.0119677,1.92594,0.0471225,0.897389],
[0.999893,0.0124428,1.92792,0.0532612,0.928924],
[0.990028,0.0151167,1.92829,0.0576702,0.939226],
[1.034079,0.0169355,1.92722,0.0617509,0.894265],
[1.054549,0.0191348,1.92864,0.0652341,0.875306],
[0.993272,0.0191087,1.93353,0.067552,0.941505],
[0.979418,0.0215643,1.93473,0.0694595,0.956511],
[1.020986,0.0241794,1.93423,0.0706063,0.914424],
[1.036004,0.0253222,1.93632,0.0711157,0.901480],
[1.008443,0.0260618,1.93934,0.0712801,0.931995],
[0.979312,0.0276563,1.9419,0.0708885,0.963558],
[1.031908,0.0297352,1.94022,0.0702094,0.909214],
[1.053209,0.0304671,1.94233,0.0692006,0.889964],
[1.013828,0.0301879,1.94664,0.0680504,0.933580],
[0.985947,0.0304044,1.94908,0.0666394,0.963815],
[1.008661,0.0307941,1.9499,0.0650943,0.941864],
[1.055802,0.0319848,1.94963,0.0635946,0.894386],
[1.025559,0.0309094,1.95351,0.0620576,0.928474],
[0.986938,0.0304709,1.95646,0.0604607,0.969986],
[1.032964,0.0307002,1.95448,0.0591403,0.921955],
[1.057729,0.0307864,1.95576,0.0576446,0.898433],
[1.038585,0.029843,1.95849,0.056345,0.920287],
[0.998126,0.0284527,1.96077,0.055248,0.963017],
[1.014973,0.0284853,1.96036,0.054067,0.945733],
[1.060360,0.0286779,1.95955,0.0529622,0.899518],
[1.032670,0.0269319,1.96262,0.0521808,0.930293],
[0.995590,0.026718,1.96453,0.0513226,0.969252],
[0.966073,0.0670677,1.96884,0.0466097,1.002976],
[0.994546,0.130668,1.97409,0.0381825,0.983900],
[0.959891,0.20778,1.98184,0.030749,1.037169],
[0.895739,0.258895,1.9761,0.0369107,1.102931],
[0.893329,0.285506,1.95606,0.0549445,1.087454],
[0.919821,0.309998,1.92091,0.0880997,1.025387],
[0.866411,0.337259,1.88201,0.129529,1.036626],
[0.799830,0.37389,1.82095,0.190234,1.037504],
[0.760312,0.415493,1.74626,0.262339,0.997772],
[0.758775,0.464812,1.66888,0.335888,0.919191],
[0.721206,0.493132,1.56473,0.438194,0.845311],
[0.657969,0.497302,1.44534,0.556358,0.789582],
[0.610258,0.483251,1.3083,0.690912,0.728275],
[0.633994,0.506994,1.18762,0.805835,0.629132],
[0.624771,0.51495,1.04389,0.946167,0.601339],
[0.535461,0.535274,0.923633,1.06701,0.658347],
[0.487960,0.555111,0.788399,1.19967,0.711140],
[0.512236,0.587726,0.674306,1.30805,0.738331],
[0.503764,0.60969,0.549464,1.43149,0.823069],
[0.405035,0.648992,0.455457,1.52848,0.880932],
[0.362938,0.687314,0.354652,1.62845,0.941173],
[0.368353,0.730063,0.265466,1.71608,0.991370],
[0.344678,0.774388,0.185512,1.79819,1.036101],
[0.267698,0.8154,0.119875,1.86883,1.063751],
[0.195652,0.858031,0.0634918,1.92991,1.079996],
[0.211340,0.897864,0.0161799,1.97791,1.097537],
[0.199121,0.936141,-0.0230782,2.02193,1.108292],
[0.135018,0.97264,-0.0520683,2.05833,1.101691],
[0.064572,1.00691,-0.0744451,2.08819,1.090182],
[0.083505,1.03442,-0.0917802,2.10846,1.088251],
[0.083847,1.05865,-0.101471,2.12377,1.081122],
[0.032160,1.08359,-0.105668,2.13606,1.061453],
[-0.004447,1.10436,-0.107599,2.14406,1.044802],
[0.017191,1.12363,-0.108226,2.14801,1.032026],
[0.041553,1.14085,-0.104847,2.14901,1.018731],
[-0.007505,1.15107,-0.0960797,2.14776,1.000613],
[-0.045506,1.16239,-0.0871869,2.14436,0.982856],
[-0.006940,1.16901,-0.0825231,2.1401,0.974031],
[0.012205,1.17541,-0.0737204,2.13466,0.963088],
[-0.016953,1.18118,-0.0622924,2.12819,0.948093],
[-0.051830,1.18232,-0.052048,2.12113,0.938810],
[-0.023069,1.18319,-0.0466952,2.11461,0.931723],
[0.010386,1.18398,-0.039307,2.10717,0.924522],
[-0.018343,1.19573,-0.0301338,2.10018,0.904524],
[-0.102988,1.25712,-0.0159528,2.08705,0.834479],
[-0.162584,1.35506,-0.00410403,2.07214,0.734386],
[-0.139694,1.41859,-0.00371098,2.06668,0.662202],
[-0.179804,1.45264,-0.0118238,2.07449,0.644134],
[-0.242854,1.48222,-0.0363982,2.09805,0.649516],
[-0.251619,1.50719,-0.0725991,2.1305,0.648507],
[-0.249454,1.53745,-0.128,2.18241,0.656298],
[-0.288993,1.57395,-0.182694,2.23562,0.670152],
[-0.366339,1.61728,-0.259399,2.31021,0.701130],
[-0.393025,1.66387,-0.341039,2.38635,0.724344],
[-0.388410,1.67999,-0.448378,2.4886,0.810831],
[-0.373186,1.659,-0.576616,2.61382,0.976246],
[-0.402428,1.63733,-0.709189,2.74506,1.149424],
[-0.451330,1.62749,-0.846051,2.88072,1.313918],
[-0.442770,1.64528,-0.971402,3.00099,1.455131],
[-0.434643,1.65992,-1.10557,3.13126,1.617095],
[-0.494936,1.68163,-1.23573,3.26035,1.743880],
[-0.568936,1.70621,-1.36226,3.38632,1.857991],
[-0.576753,1.74446,-1.46788,3.48832,1.958355],
[-0.577192,1.77809,-1.57847,3.59692,2.076225],
[-0.674340,1.81958,-1.66534,3.68679,2.113899],
[-0.740958,1.86163,-1.75402,3.77573,2.165654],
[-0.758753,1.90454,-1.83679,3.85824,2.231390],
[-0.750274,1.94558,-1.90035,3.92167,2.286395],
[-0.839921,1.98414,-1.94893,3.97609,2.279859],
[-0.893773,2.02883,-2.00543,4.03574,2.294222],
[-0.888860,2.06114,-2.04037,4.07195,2.317180],
[-0.881629,2.09386,-2.07172,4.10651,2.338181],
[-0.934335,2.12427,-2.0927,4.13371,2.319408],
[-1.003026,2.15165,-2.10693,4.15416,2.286626],
[-0.996910,2.17498,-2.11888,4.16993,2.288812],
[-0.958340,2.19162,-2.12584,4.17973,2.305567],
[-1.017446,2.20452,-2.12403,4.18604,2.269575],
[-1.053358,2.22262,-2.12211,4.18957,2.238556],
[-1.011311,2.23299,-2.12121,4.18999,2.249825],
[-0.992431,2.24191,-2.11487,4.1882,2.246757],
[-1.023166,2.248,-2.10485,4.18468,2.218277],
[-1.062701,2.25542,-2.09496,4.17955,2.183537],
[-1.054366,2.26011,-2.08616,4.17341,2.173779],
[-0.992728,2.26231,-2.08037,4.16743,2.193728],
[-1.001796,2.26281,-2.06978,4.16027,2.177375],
[-1.053282,2.26362,-2.05887,4.15333,2.140608],
[-1.054661,2.26373,-2.05108,4.14654,2.130221],
[-0.984605,2.26336,-2.04798,4.14069,2.157578],
[-0.990826,2.26241,-2.04037,4.1344,2.146135],
[-1.042245,2.26093,-2.0331,4.12922,2.114779],
[-1.023669,2.25999,-2.03048,4.12422,2.118730],
[-1.003850,2.25757,-2.02632,4.11928,2.124006],
[-0.975325,2.25637,-2.02543,4.11607,2.135695],
[-1.033163,2.25428,-2.02141,4.11318,2.105267],
[-1.029385,2.2536,-2.0218,4.11039,2.105361],
[-0.980965,2.25275,-2.0239,4.10819,2.128470],
[-0.989977,2.25049,-2.02281,4.10678,2.124278],
[-1.026836,2.24922,-2.02282,4.10554,2.106631],
[-1.026760,2.24881,-2.02577,4.10461,2.107611],
[-0.988043,2.24782,-2.02953,4.10398,2.128382],
[-0.978702,2.24627,-2.03118,4.10376,2.134941],
[-1.015664,2.245,-2.0322,4.10371,2.118526],
[-1.040907,2.245,-2.03487,4.10389,2.107947],
[-0.985075,2.24515,-2.04064,4.10403,2.137677],
[-0.961576,2.24472,-2.04398,4.1043,2.151663],
[-1.019340,2.24343,-2.04324,4.10459,2.124214],
[-1.042852,2.24393,-2.04628,4.10492,2.114269],
[-1.026654,2.24382,-2.05006,4.10524,2.124205],
[-0.975378,2.24376,-2.05457,4.10543,2.151848],
[-1.021036,2.24315,-2.05462,4.10564,2.130062],
[-1.047637,2.24289,-2.05724,4.10581,2.118909],
[-0.991846,2.24349,-2.06295,4.10585,2.148404],
[-0.972960,2.24252,-2.06515,4.10585,2.159830],
[-0.990646,2.24269,-2.06653,4.10573,2.151386],
[-1.045131,2.24218,-2.06612,4.1056,2.124792],
[-1.031970,2.24268,-2.06902,4.10529,2.131854],
[-0.981973,2.24267,-2.07254,4.10497,2.158122],
[-1.013317,2.24218,-2.07191,4.1046,2.142247],
[-1.049167,2.2428,-2.07253,4.10416,2.124127],
[-1.049605,2.24268,-2.07437,4.1037,2.124513],
[-0.984638,2.24293,-2.079,4.10321,2.158306],
[-1.016633,2.24147,-2.07702,4.10272,2.142114],
[-1.048331,2.24179,-2.07752,4.10211,2.126038],
[-1.055753,2.24214,-2.07864,4.1015,2.122153],
[-0.987674,2.24232,-2.08265,4.10094,2.157185],
[-1.001789,2.24064,-2.08141,4.10043,2.150441],
[-1.045821,2.24043,-2.08039,4.09992,2.127918],
[-1.025675,2.24175,-2.08317,4.09937,2.137534],
[-0.993378,2.24175,-2.0846,4.09887,2.153983],
[-0.995291,2.24081,-2.08359,4.09835,2.152867],
[-1.036289,2.24048,-2.08223,4.09784,2.131610],
[-1.032326,2.24138,-2.08383,4.09745,2.133225],
[-0.994216,2.24128,-2.08542,4.09704,2.152805],
[-0.997340,2.23987,-2.08417,4.09666,2.151483],
[-1.040270,2.23996,-2.08228,4.09628,2.128783],
[-1.060698,2.24074,-2.08207,4.09585,2.117698],
[-1.031535,2.24072,-2.08325,4.09546,2.132171],
[-0.982238,2.24077,-2.08553,4.09516,2.157779],
[-1.044353,2.23957,-2.08201,4.09497,2.125848],
[-1.043810,2.24197,-2.08355,4.09465,2.124492],
[-1.004354,2.24174,-2.08568,4.09444,2.145170],
[-0.999104,2.24134,-2.08444,4.0943,2.147416],
[-1.041783,2.24061,-2.08228,4.09426,2.125713],
[-1.063758,2.2424,-2.08252,4.09425,2.113579],
[-1.008214,2.24335,-2.08609,4.09429,2.141913],
[-0.997249,2.24232,-2.08516,4.09449,2.148044],
[-1.020221,2.2418,-2.08418,4.09476,2.136694],
[-1.052507,2.24209,-2.08349,4.09498,2.120404],
[-1.022924,2.24288,-2.08548,4.09527,2.135506],
[-0.986974,2.24314,-2.08647,4.09567,2.154239],
[-1.029271,2.24201,-2.08388,4.09605,2.132997],
[-1.059331,2.24326,-2.08358,4.09646,2.117410],
[-1.029960,2.24367,-2.08568,4.09692,2.132859],
[-0.988902,2.24386,-2.0869,4.09737,2.154325],
[-1.011403,2.24343,-2.08515,4.09794,2.142929],
[-1.056076,2.24379,-2.08345,4.09849,2.120242],
[-1.025020,2.24441,-2.08575,4.09897,2.136482],
[-0.987901,2.24432,-2.0864,4.09955,2.156060],
[-0.996620,2.24417,-2.08484,4.10021,2.151534],
[-1.054983,2.24467,-2.08182,4.10077,2.121200],
[-1.052090,2.2404,-2.08199,4.10175,2.127283],
[-1.023832,2.17515,-2.07918,4.10886,2.202953],
[-1.073186,2.06223,-2.07067,4.12013,2.286901],
[-1.164392,1.97159,-2.06574,4.12462,2.334084],
[-1.175523,1.91796,-2.07455,4.1128,2.371829],
[-1.145394,1.88307,-2.0944,4.08406,2.396868],
[-1.158952,1.85257,-2.12161,4.03977,2.389673],
[-1.236905,1.81864,-2.15156,3.98817,2.354453],
[-1.276190,1.777,-2.205,3.90438,2.321298],
[-1.242627,1.73065,-2.25842,3.82638,2.328932],
[-1.266997,1.67571,-2.32531,3.72189,2.303668],
[-1.358268,1.61063,-2.39057,3.61687,2.256249],
[-1.421551,1.54076,-2.49147,3.46174,2.198840],
[-1.422504,1.46387,-2.58025,3.32948,2.195650],
[-1.467318,1.37829,-2.67351,3.18549,2.172758],
[-1.542985,1.28408,-2.79456,2.99928,2.123284],
[-1.642391,1.18386,-2.92137,2.80438,2.064431],
[-1.664223,1.07687,-3.04074,2.62746,2.073431],
[-1.712300,0.966656,-3.18651,2.4063,2.060551],
[-1.762514,0.909666,-3.3522,2.15392,2.018730],
[-1.851107,0.858801,-3.50251,1.92323,1.964724],
[-1.877111,0.833788,-3.68456,1.64841,1.982544],
[-1.888167,0.794152,-3.87243,1.36647,2.065151],
[-1.945392,0.71805,-4.03527,1.12065,2.128304],
[-2.061071,0.633494,-4.19099,0.883727,2.144568],
[-2.118110,0.558406,-4.37074,0.616904,2.253389],
[-2.142408,0.472735,-4.54133,0.365696,2.401308],
[-2.191678,0.384101,-4.70597,0.121385,2.527981],
[-2.326002,0.290219,-4.83809,-0.079332,2.539125],
[-2.394346,0.20279,-4.99392,-0.307419,2.649169],
[-2.417116,0.118726,-5.14362,-0.524691,2.801394],
[-2.442839,0.0401559,-5.28405,-0.728301,2.943299],
[-2.552552,-0.0379057,-5.39501,-0.893558,2.968452],
[-2.618048,-0.107559,-5.50147,-1.04767,3.032809],
[-2.619357,-0.173464,-5.61259,-1.20432,3.165771],
[-2.642547,-0.237271,-5.71601,-1.35161,3.269240],
[-2.751454,-0.299668,-5.79126,-1.46333,3.254924],
[-2.784236,-0.363347,-5.8638,-1.56294,3.304956],
[-2.786830,-0.428002,-5.93234,-1.65605,3.376734],
[-2.818127,-0.493086,-5.99289,-1.7394,3.410633],
[-2.911575,-0.548571,-6.03309,-1.79744,3.362072],
[-2.942576,-0.604668,-6.07528,-1.85138,3.371665],
[-2.937208,-0.659532,-6.11038,-1.8943,3.404948],
[-2.946358,-0.701224,-6.13316,-1.92256,3.412824],
[-3.013815,-0.738346,-6.1486,-1.94359,3.358495],
[-3.035576,-0.775169,-6.16396,-1.95952,3.345068],
[-3.009698,-0.80785,-6.17501,-1.96838,3.371355],
[-3.000689,-0.835476,-6.18032,-1.97166,3.376532],
[-3.064124,-0.854655,-6.17848,-1.97094,3.308369],
[-3.083741,-0.874292,-6.17789,-1.96696,3.281415],
[-3.033589,-0.887177,-6.17819,-1.96123,3.322966],
[-3.026585,-0.901965,-6.1726,-1.95282,3.316882],
[-3.054049,-0.912938,-6.16509,-1.94294,3.277115],
[-3.092502,-0.916309,-6.15778,-1.93422,3.229872],
[-3.062398,-0.920096,-6.15177,-1.92398,3.248385],
[-3.033166,-0.921344,-6.14534,-1.91545,3.267089],
[-3.067800,-0.922267,-6.13571,-1.90639,3.221889],
[-3.092248,-0.921901,-6.12773,-1.89771,3.188472],
[-3.043644,-0.919774,-6.12501,-1.89114,3.230847],
[-3.018547,-0.918651,-6.11816,-1.8845,3.246608],
[-3.036366,-0.917119,-6.11047,-1.87896,3.221064],
[-3.086000,-0.914257,-6.10288,-1.87481,3.166106],
[-3.032898,-0.912044,-6.10252,-1.87203,3.216233],
[-3.013759,-0.909349,-6.09756,-1.86977,3.229898],
[-3.036016,-0.907513,-6.09213,-1.86832,3.203590],
[-3.071902,-0.904208,-6.08778,-1.86778,3.166069],
[-3.031380,-0.90275,-6.08847,-1.86785,3.205810],
[-3.000639,-0.900004,-6.08659,-1.86855,3.234374],
[-3.010066,-0.89888,-6.08379,-1.8696,3.223364],
[-3.060654,-0.898574,-6.08028,-1.87074,3.172262],
[-3.046292,-0.897073,-6.08045,-1.8723,3.187034],
[-3.000878,-0.896247,-6.08144,-1.8739,3.231976],
[-3.009329,-0.895661,-6.07956,-1.87577,3.222877],
[-3.055105,-0.895614,-6.07742,-1.87741,3.177784],
[-3.038886,-0.895293,-6.07882,-1.87914,3.195176],
[-2.995338,-0.89425,-6.08005,-1.88078,3.238625],
[-2.990646,-0.894596,-6.07968,-1.88217,3.243060],
[-3.055475,-0.894506,-6.07625,-1.88329,3.178486],
[-3.030592,-0.894372,-6.0788,-1.88414,3.204873],
[-2.996302,-0.894122,-6.07996,-1.8849,3.238917],
[-2.991433,-0.895079,-6.07936,-1.88536,3.242830],
[-3.052146,-0.894976,-6.07614,-1.88563,3.182127],
[-3.048322,-0.894468,-6.07734,-1.88571,3.187085],
[-3.003859,-0.894513,-6.07915,-1.88563,3.231057],
[-3.000039,-0.894853,-6.07826,-1.88532,3.233646],
[-3.029561,-0.895249,-6.07702,-1.88484,3.204107],
[-3.052903,-0.89505,-6.07646,-1.88424,3.181257],
[-3.014512,-0.894827,-6.07833,-1.88353,3.219396],
[-2.986025,-0.895902,-6.07866,-1.88269,3.246250],
[-2.987511,-0.856014,-6.08095,-1.88548,3.260240],
[-2.993112,-0.787035,-6.08697,-1.89225,3.285340],
[-2.909954,-0.687249,-6.09437,-1.89886,3.407126],
[-2.842747,-0.634549,-6.0892,-1.89253,3.481663],
[-2.850749,-0.600775,-6.06769,-1.8716,3.458859],
[-2.858426,-0.576921,-6.03866,-1.84147,3.422422],
[-2.797007,-0.549698,-5.99628,-1.79472,3.432992],
[-2.743638,-0.520732,-5.93329,-1.72891,3.410803],
[-2.745954,-0.485408,-5.86764,-1.66364,3.336638],
[-2.720101,-0.442195,-5.79384,-1.58728,3.280105],
[-2.653520,-0.395145,-5.69782,-1.48745,3.234331],
[-2.573328,-0.342212,-5.58526,-1.37186,3.183066],
[-2.516350,-0.283491,-5.4576,-1.24237,3.093607],
[-2.514628,-0.219207,-5.33667,-1.1227,2.963144],
[-2.413491,-0.148976,-5.20857,-0.990273,2.918946],
[-2.316154,-0.0732677,-5.04404,-0.823245,2.829104],
[-2.233320,0.00941182,-4.86807,-0.645888,2.715019],
[-2.172536,0.0997218,-4.6745,-0.451362,2.561937],
[-2.118139,0.195291,-4.49794,-0.275085,2.425842],
[-1.975829,0.290912,-4.31289,-0.0859775,2.367256],
[-1.897598,0.354807,-4.08003,0.147931,2.192215],
[-1.859674,0.385408,-3.83399,0.394947,1.974339],
[-1.837065,0.418393,-3.57656,0.653712,1.755339],
[-1.739470,0.49028,-3.34819,0.884201,1.656247],
[-1.607243,0.556069,-3.10294,1.13225,1.602840],
[-1.517301,0.629665,-2.85644,1.37865,1.534364],
[-1.485203,0.720556,-2.64184,1.58935,1.446587],
[-1.373996,0.809384,-2.40798,1.82408,1.448700],
[-1.226827,0.90262,-2.17762,2.05505,1.494023],
[-1.123877,0.997101,-1.96044,2.27065,1.523734],
[-1.098208,1.09308,-1.7651,2.46085,1.521692],
[-0.969226,1.18418,-1.58255,2.64444,1.583833],
[-0.837898,1.26986,-1.38595,2.84015,1.663179],
[-0.797084,1.35511,-1.22497,2.99551,1.695292],
[-0.745889,1.43439,-1.05224,3.16563,1.758134],
[-0.612848,1.51261,-0.911754,3.30768,1.819785],
[-0.519242,1.58247,-0.765344,3.45156,1.885218],
[-0.484218,1.64791,-0.629181,3.58343,1.940942],
[-0.440637,1.71374,-0.520839,3.68991,1.977797],
[-0.347985,1.7756,-0.413006,3.79728,2.022725],
[-0.260067,1.83316,-0.316119,3.89232,2.059928],
[-0.222680,1.89271,-0.233788,3.97165,2.078969],
[-0.234519,1.94333,-0.174954,4.02616,2.083679],
[-0.154547,1.99785,-0.120809,4.08016,2.082579],
[-0.073732,2.04966,-0.0776231,4.12259,2.072932],
[-0.091510,2.08787,-0.0431456,4.1523,2.064995],
[-0.083610,2.12967,-0.0159917,4.17754,2.048986],
[-0.009714,2.16041,-0.00190738,4.19384,2.033447],
[0.038643,2.19344,0.010988,4.20566,2.012406],
[0.040265,2.21914,0.0191174,4.21185,1.992819],
[0.003967,2.23561,0.0230075,4.21343,1.977907],
[0.041893,2.2554,0.0200609,4.21193,1.956647],
[0.093120,2.27018,0.0144576,4.20774,1.939153],
[0.083064,2.28133,0.00964587,4.20161,1.921684],
[0.042550,2.28711,0.00419277,4.19496,1.908236],
[0.065588,2.29537,-0.0067296,4.18645,1.892463],
[0.108610,2.30109,-0.0175422,4.17771,1.880856],
[0.095074,2.30266,-0.0253802,4.16931,1.870529],
[0.048577,2.30167,-0.0321857,4.16182,1.861902],
[0.067692,2.30154,-0.0431742,4.15389,1.855668],
[0.097117,2.30188,-0.0529406,4.14621,1.850420],
[0.103758,2.30153,-0.0603788,4.13989,1.845677],
[0.044508,2.2986,-0.0635783,4.13508,1.839657],
[0.049014,2.29723,-0.0712163,4.13007,1.836774],
[0.086479,2.2969,-0.0780498,4.12609,1.836574],
[0.069610,2.29546,-0.0801131,4.12317,1.833836],
[0.038645,2.29405,-0.0829674,4.12064,1.830636],
[0.029052,2.29234,-0.0862251,4.11911,1.830405],
[0.059872,2.29118,-0.0899212,4.11805,1.832998],
[0.077791,2.29036,-0.0915674,4.11769,1.835161],
[0.032345,2.28913,-0.0905327,4.11776,1.832752],
[0.008013,2.28697,-0.0912059,4.11828,1.833995],
[0.050276,2.28706,-0.0940023,4.11899,1.837599],
[0.082731,2.28663,-0.0952634,4.12007,1.842064],
[0.021211,2.28621,-0.0917255,4.12108,1.838339],
[0.006595,2.28555,-0.0922656,4.12245,1.839556],
[0.041072,2.28552,-0.0942563,4.12381,1.843269],
[0.074510,2.28612,-0.0951643,4.12527,1.846964],
[0.033249,2.28665,-0.0926964,4.12646,1.844121],
[-0.000016,2.28623,-0.0920702,4.12783,1.843898],
[0.038012,2.2867,-0.0947632,4.1289,1.846974],
[0.072279,2.28697,-0.0961412,4.13006,1.850769],
[0.020020,2.28731,-0.0929974,4.13095,1.847099],
[0.003216,2.28649,-0.0941115,4.13191,1.847982],
[0.033834,2.28763,-0.0970599,4.13261,1.849618],
[0.069003,2.28871,-0.0991145,4.13327,1.852209],
[0.069016,2.2892,-0.100201,4.13377,1.852319],
[-0.001778,2.28766,-0.0978247,4.13422,1.849060],
[0.041226,2.28755,-0.102401,4.13451,1.852538],
[0.064493,2.28865,-0.103977,4.1348,1.853821],
[0.046818,2.28904,-0.103985,4.13495,1.852056],
[0.005092,2.28896,-0.104332,4.1351,1.849378],
[0.012339,2.28909,-0.106728,4.13515,1.849896],
[0.059175,2.28954,-0.110523,4.13519,1.853440],
[0.042297,2.28965,-0.110693,4.13522,1.851900],
[-0.005250,2.28918,-0.110654,4.13524,1.849064],
[0.006472,2.28921,-0.113837,4.13528,1.849982],
[0.045766,2.28932,-0.117077,4.13539,1.853239],
[0.051846,2.2899,-0.118366,4.13548,1.853409],
[-0.003292,2.28881,-0.117273,4.13562,1.850322],
[-0.012454,2.28849,-0.118805,4.1358,1.850366],
[0.050310,2.28861,-0.123262,4.136,1.855525],
[0.050861,2.28906,-0.123437,4.13625,1.855393],
[-0.001809,2.28886,-0.121733,4.13654,1.851570],
[-0.002149,2.28873,-0.123629,4.13681,1.852067],
[0.042482,2.28896,-0.126416,4.1372,1.855937],
[0.058768,2.28901,-0.126768,4.13762,1.857900],
[0.024981,2.28924,-0.125547,4.13811,1.854989],
[0.003222,2.28965,-0.125275,4.13849,1.853297],
]
